
transpoint
[1179  678    0] [332 468   0] [208 439   0] [251 440   0] [356 417   0] [317 418   0] [535 407   0] [660 401   0] [762 399   0] [830 396   0] [588 397   0] [880 383   0] [477 350   0] [715 337   0] 

transpoint
[1179  678    0] [332 468   0] [208 439   0] [251 440   0] [356 417   0] [317 418   0] [535 407   0] [660 401   0] [762 399   0] [830 396   0] [588 397   0] [880 383   0] [477 350   0] [715 337   0] 

transpoint
[1179  678    0] [332 468   0] [208 439   0] [251 440   0] [356 417   0] [317 418   0] [535 407   0] [660 401   0] [762 399   0] [830 396   0] [588 397   0] [880 383   0] [477 350   0] [715 337   0] 

transpoint
[1179  678    0] [332 468   0] [208 439   0] [251 440   0] [356 417   0] [317 418   0] [535 407   0] [660 401   0] [762 399   0] [830 396   0] [588 397   0] [880 383   0] [477 350   0] [715 337   0] 

transpoint
[1179  678    0] [332 468   0] [208 439   0] [251 440   0] [356 417   0] [317 418   0] [535 407   0] [660 401   0] [762 399   0] [830 396   0] [588 397   0] [880 383   0] [477 350   0] [715 337   0] 

transpoint

[1180  678    0] [332 468   0] [208 439   0] [251 440   0] [356 417   0] [317 418   0] [535 407   0] [660 401   0] [762 399   0] [830 396   0] [588 397   0] [880 383   0] [477 350   0] [715 337   0] 

transpoint
[1180  678    0] [332 468   0] [208 439   0] [251 440   0] [356 417   0] [317 418   0] [535 407   0] [660 401   0] [762 399   0] [830 396   0] [588 397   0] [880 383   0] [477 350   0] [715 337   0] 

transpoint
[1180  678    0] [332 468   0] [208 439   0] [251 440   0] [356 417   0] [317 418   0] [535 407   0] [660 401   0] [762 399   0] [830 396   0] [588 397   0] [880 383   0] [477 350   0] [715 337   0] 

transpoint
[1180  678    0] [332 468   0] [208 439   0] [251 440   0] [356 417   0] [317 418   0] [535 407   0] [660 401   0] [762 399   0] [830 396   0] [588 397   0] [880 383   0] [477 350   0] [715 337   0] 

transpoint
[1180  678    0] [332 468   0] [208 439   0] [251 440   0] [356 417   0] [317 418   0] [535 407   0] [660 401   0] [762 399   0] [830 396   0] [588 397   0] [880 383   0] [477 350   0] [715 337   0] 

transpoint
[1179  678    0] [332 468   0] [208 439   0] [251 440   0] [356 417   0] [317 418   0] [535 407   0] [660 401   0] [762 399   0] [830 396   0] [588 397   0] [880 383   0] [477 350   0] [715 337   0] 

transpoint
[1179  678    0] [332 468   0] [208 439   0] [251 440   0] [356 417   0] [317 418   0] [535 407   0] [660 401   0] [762 399   0] [830 396   0] [588 397   0] [880 383   0] [477 350   0] [715 337   0] 

transpoint
[1180  678    0] [332 468   0] [208 439   0] [251 440   0] [356 417   0] [317 418   0] [535 407   0] [660 401   0] [762 399   0] [830 396   0] [588 397   0] [880 383   0] [477 350   0] [715 337   0] 

transpoint
[1179  678    0] [332 468   0] [208 439   0] [251 440   0] [356 417   0] [317 418   0] [535 407   0] [660 401   0] [762 399   0] [830 396   0] [588 397   0] [880 383   0] [477 350   0] [715 337   0] 

transpoint
[1179  678    0] [332 468   0] [208 439   0] [251 440   0] [356 417   0] [317 418   0] [535 407   0] [660 401   0] [762 399   0] [830 396   0] [588 397   0] [880 383   0] [477 350   0] [715 337   0] 

transpoint
[1180  678    0] [332 468   0] [208 439   0] [251 440   0] [356 417   0] [317 418   0] [535 407   0] [660 401   0] [762 399   0] [830 396   0] [588 397   0] [880 383   0] [477 350   0] [715 337   0] 

transpoint
[1180  679    0] [332 468   0] [208 439   0] [251 440   0] [356 417   0] [317 418   0] [535 407   0] [660 401   0] [761 399   0] [830 396   0] [588 397   0] [880 383   0] [477 350   0] [715 337   0] 

transpoint
[1180  678    0] [332 468   0] [208 439   0] [251 440   0] [355 417   0] [317 418   0] [535 407   0] [660 401   0] [761 399   0] [830 396   0] [588 397   0] [880 383   0] [477 350   0] [715 337   0] 

transpoint
[1180  678    0] [332 468   0] [208 439   0] [251 440   0] [355 417   0] [317 418   0] [535 407   0] [660 401   0] [761 399   0] [830 396   0] [588 397   0] [880 383   0] [477 350   0] [715 337   0] 

transpoint
[1180  678    0] [332 468   0] [208 439   0] [251 440   0] [355 417   0] [317 418   0] [535 407   0] [660 401   0] [761 399   0] [830 396   0] [588 397   0] [880 383   0] [477 350   0] [715 337   0] 

transpoint
[1179  678    0] [332 468   0] [208 439   0] [251 440   0] [355 417   0] [317 418   0] [535 407   0] [660 401   0] [761 399   0] [830 396   0] [588 397   0] [880 383   0] [477 350   0] [715 337   0] 

transpoint
[1179  678    0] [332 468   0] [208 439   0] [251 440   0] [356 417   0] [317 418   0] [535 407   0] [660 401   0] [761 399   0] [830 396   0] [588 397   0] [880 383   0] [477 350   0] [715 337   0] 

transpoint
[1179  678    0] [332 468   0] [208 439   0] [251 440   0] [356 417   0] [317 418   0] [535 407   0] [660 401   0] [762 399   0] [830 396   0] [588 397   0] [880 383   0] [477 350   0] [715 337   0] 

transpoint
[1179  678    0] [332 468   0] [208 439   0] [251 440   0] [356 417   0] [317 418   0] [535 407   0] [660 401   0] [762 399   0] [830 396   0] [588 397   0] [880 383   0] [477 350   0] [715 337   0] 

transpoint
[1179  678    0] [332 468   0] [208 439   0] [251 440   0] [356 417   0] [317 418   0] [535 407   0] [660 401   0] [762 399   0] [830 396   0] [588 397   0] [880 383   0] [477 350   0] [715 337   0] 

transpoint
[1179  678    0] [332 468   0] [208 439   0] [251 440   0] [356 417   0] [317 418   0] [535 407   0] [660 401   0] [762 399   0] [830 396   0] [588 397   0] [880 383   0] [477 350   0] [715 337   0] 

transpoint
[1179  678    0] [332 468   0] [208 439   0] [251 440   0] [356 417   0] [317 418   0] [535 407   0] [660 401   0] [762 399   0] [830 396   0] [588 397   0] [880 383   0] [477 350   0] [715 337   0] 

transpoint
[1179  678    0] [332 468   0] [208 439   0] [251 440   0] [356 417   0] [317 418   0] [535 407   0] [660 401   0] [762 399   0] [830 396   0] [588 397   0] [880 383   0] [477 350   0] [715 337   0] 

transpoint
[1179  678    0] [332 468   0] [208 439   0] [251 440   0] [356 417   0] [317 418   0] [535 407   0] [660 401   0] [762 399   0] [830 396   0] [588 397   0] [880 383   0] [477 350   0] [715 337   0] 

transpoint
[1180  678    0] [332 468   0] [208 439   0] [251 440   0] [356 417   0] [317 418   0] [535 407   0] [660 401   0] [762 399   0] [830 396   0] [588 397   0] [880 383   0] [477 350   0] [715 337   0] 

transpoint
[1180  678    0] [332 468   0] [208 439   0] [251 440   0] [356 417   0] [317 418   0] [535 407   0] [660 401   0] [762 399   0] [830 396   0] [588 397   0] [880 383   0] [477 350   0] [715 337   0] 

transpoint
[1180  678    0] [332 468   0] [208 439   0] [251 440   0] [356 417   0] [317 418   0] [535 407   0] [660 401   0] [762 399   0] [830 396   0] [588 397   0] [880 383   0] [477 350   0] [715 337   0] 

transpoint
[1180  678    0] [332 468   0] [208 439   0] [251 440   0] [356 417   0] [317 418   0] [535 407   0] [660 401   0] [762 399   0] [830 396   0] [588 397   0] [880 383   0] [477 350   0] [715 337   0] 

transpoint
[1180  678    0] [332 468   0] [208 439   0] [251 440   0] [356 417   0] [317 418   0] [535 407   0] [660 401   0] [762 399   0] [830 396   0] [588 397   0] [880 383   0] [477 350   0] [715 337   0] 

transpoint
[1180  678    0] [332 468   0] [208 439   0] [251 440   0] [356 417   0] [317 418   0] [535 407   0] [660 401   0] [761 399   0] [830 396   0] [588 397   0] [880 383   0] [477 350   0] [715 337   0] 

transpoint
[1179  678    0] [332 468   0] [208 439   0] [251 440   0] [356 417   0] [317 418   0] [535 407   0] [660 401   0] [761 399   0] [830 396   0] [588 397   0] [880 383   0] [477 350   0] [715 337   0] 

transpoint
[1179  678    0] [332 468   0] [208 439   0] [251 440   0] [356 417   0] [317 418   0] [535 407   0] [660 401   0] [761 399   0] [830 396   0] [588 397   0] [880 383   0] [477 350   0] [715 337   0] 

transpoint
[1179  678    0] [331 468   0] [208 439   0] [251 440   0] [356 417   0] [317 418   0] [535 407   0] [660 401   0] [762 399   0] [830 396   0] [588 397   0] [880 383   0] [477 350   0] [715 337   0] 

transpoint
[1179  678    0] [332 468   0] [208 439   0] [251 440   0] [356 417   0] [317 418   0] [535 407   0] [660 401   0] [762 399   0] [830 396   0] [588 397   0] [880 383   0] [477 350   0] [715 337   0] 

transpoint
[1179  678    0] [331 468   0] [208 439   0] [251 440   0] [356 417   0] [317 418   0] [535 407   0] [660 401   0] [762 399   0] [830 396   0] [588 397   0] [880 383   0] [477 350   0] [715 337   0] 

transpoint
[1179  678    0] [331 468   0] [208 439   0] [251 440   0] [356 417   0] [317 418   0] [535 407   0] [660 401   0] [762 399   0] [830 396   0] [588 397   0] [880 383   0] [477 350   0] [715 337   0] 

transpoint
[1179  678    0] [331 468   0] [208 439   0] [251 440   0] [356 417   0] [317 418   0] [535 407   0] [660 401   0] [762 399   0] [830 396   0] [588 397   0] [880 383   0] [477 350   0] [715 337   0] 

transpoint
[1179  678    0] [331 468   0] [208 439   0] [251 440   0] [356 417   0] [317 418   0] [535 407   0] [660 401   0] [762 399   0] [830 396   0] [588 397   0] [880 383   0] [477 350   0] [715 337   0] 

transpoint
[1179  678    0] [331 468   0] [208 439   0] [251 440   0] [356 417   0] [317 418   0] [535 407   0] [660 401   0] [762 399   0] [830 396   0] [588 397   0] [880 383   0] [477 350   0] [715 337   0] 

transpoint
[1179  678    0] [331 468   0] [208 439   0] [251 440   0] [356 417   0] [317 418   0] [535 407   0] [660 401   0] [762 399   0] [830 396   0] [588 397   0] [880 383   0] [477 350   0] [715 337   0] 

transpoint
[1179  678    0] [331 468   0] [208 439   0] [251 440   0] [356 417   0] [317 418   0] [535 407   0] [660 401   0] [762 399   0] [830 396   0] [588 397   0] [880 383   0] [477 350   0] [715 337   0] 

transpoint
[1180  678    0] [331 468   0] [208 439   0] [251 440   0] [356 417   0] [317 418   0] [535 407   0] [660 401   0] [762 399   0] [830 396   0] [588 397   0] [880 383   0] [477 350   0] [715 337   0] 

transpoint
[1180  678    0] [331 468   0] [208 439   0] [251 440   0] [356 417   0] [317 418   0] [535 407   0] [660 401   0] [762 399   0] [830 396   0] [588 397   0] [880 383   0] [477 350   0] [715 337   0] 

transpoint
[1180  678    0] [331 468   0] [208 439   0] [251 440   0] [356 417   0] [317 418   0] [535 407   0] [660 401   0] [762 399   0] [830 396   0] [588 397   0] [880 383   0] [477 350   0] [715 337   0] 

transpoint
[1180  678    0] [331 468   0] [208 439   0] [251 440   0] [356 417   0] [317 418   0] [535 407   0] [660 401   0] [762 399   0] [830 396   0] [588 397   0] [880 383   0] [477 350   0] [715 337   0] 

transpoint
[1180  678    0] [332 468   0] [208 439   0] [251 440   0] [356 417   0] [317 418   0] [535 407   0] [660 401   0] [762 399   0] [830 396   0] [588 397   0] [880 383   0] [477 350   0] [715 337   0] 

transpoint
[1180  678    0] [332 468   0] [208 439   0] [251 440   0] [356 417   0] [317 418   0] [535 407   0] [660 401   0] [761 399   0] [830 396   0] [588 397   0] [880 383   0] [477 350   0] [715 337   0] 

transpoint
[1179  678    0] [331 468   0] [208 439   0] [251 440   0] [356 417   0] [317 418   0] [535 407   0] [660 401   0] [761 399   0] [830 396   0] [588 397   0] [880 383   0] [477 350   0] [715 337   0] 

transpoint
[1179  678    0] [331 468   0] [208 439   0] [251 440   0] [356 417   0] [317 418   0] [535 407   0] [660 401   0] [761 399   0] [830 396   0] [588 397   0] [880 383   0] [477 350   0] [715 337   0] 

transpoint
[1179  678    0] [331 468   0] [208 439   0] [251 440   0] [356 417   0] [317 418   0] [535 407   0] [660 401   0] [761 399   0] [830 396   0] [588 397   0] [880 383   0] [477 350   0] [714 337   0] 

transpoint
[1179  678    0] [331 468   0] [208 439   0] [251 440   0] [356 417   0] [317 418   0] [535 407   0] [660 401   0] [761 399   0] [830 396   0] [588 397   0] [880 383   0] [475 351   0] [713 337   0] 

transpoint
[1179  678    0] [331 468   0] [208 439   0] [251 440   0] [356 417   0] [317 418   0] [535 407   0] [660 401   0] [761 399   0] [830 396   0] [588 397   0] [880 383   0] [474 351   0] [713 337   0] 

transpoint
[1179  678    0] [331 468   0] [208 439   0] [251 440   0] [356 417   0] [317 418   0] [535 407   0] [660 401   0] [761 399   0] [830 396   0] [588 397   0] [880 383   0] [474 351   0] [713 337   0] 

transpoint
[1179  678    0] [331 468   0] [208 439   0] [251 440   0] [356 417   0] [317 418   0] [535 407   0] [660 401   0] [761 399   0] [830 396   0] [588 397   0] [880 383   0] [474 351   0] [713 337   0] 

transpoint
[1180  678    0] [331 468   0] [208 439   0] [251 440   0] [356 417   0] [317 418   0] [535 407   0] [660 401   0] [762 399   0] [830 396   0] [588 397   0] [880 383   0] [474 351   0] [713 337   0] 

transpoint
[1180  678    0] [331 468   0] [208 439   0] [251 440   0] [356 417   0] [317 418   0] [535 407   0] [660 401   0] [762 399   0] [830 396   0] [588 397   0] [880 383   0] [474 351   0] [713 337   0] 

transpoint
[1180  678    0] [331 468   0] [208 439   0] [251 440   0] [356 417   0] [317 418   0] [535 407   0] [660 401   0] [762 399   0] [830 396   0] [588 397   0] [880 383   0] [474 351   0] [713 337   0] 

addpoint
[1180  678    0] [331 468   0] [208 439   0] [251 440   0] [356 417   0] [317 418   0] [535 407   0] [660 401   0] [762 399   0] [830 396   0] [588 397   0] [880 383   0] [474 351   0] [713 337   0] 

transpoint
[1180  678    0] [331 468   0] [208 439   0] [251 440   0] [356 417   0] [317 418   0] [535 407   0] [660 401   0] [762 399   0] [830 396   0] [588 397   0] [880 383   0] [472 351   0] [712 337   0] [691 328   0] 

transpoint
[1180  679    0] [331 468   0] [208 439   0] [251 440   0] [356 417   0] [317 418   0] [535 407   0] [660 401   0] [762 399   0] [830 396   0] [588 397   0] [880 383   0] [470 352   0] [712 337   0] [690 328   0] 

transpoint
[1180  678    0] [332 468   0] [208 439   0] [251 440   0] [356 417   0] [317 418   0] [535 407   0] [660 401   0] [762 399   0] [830 396   0] [588 397   0] [880 383   0] [472 352   0] [713 336   0] [691 328   0] 

transpoint
[1180  678    0] [332 468   0] [208 439   0] [251 440   0] [356 417   0] [317 418   0] [535 407   0] [660 401   0] [762 399   0] [830 396   0] [588 397   0] [880 383   0] [473 351   0] [713 336   0] [691 328   0] 

transpoint
[1180  679    0] [332 468   0] [208 439   0] [251 440   0] [356 417   0] [317 418   0] [535 407   0] [660 401   0] [762 399   0] [830 396   0] [588 397   0] [880 383   0] [475 349   0] [712 335   0] [690 326   0] 

transpoint
[1181  679    0] [332 468   0] [208 439   0] [251 440   0] [356 417   0] [317 418   0] [535 407   0] [660 402   0] [761 399   0] [830 396   0] [588 397   0] [880 383   0] [479 348   0] [712 333   0] [691 325   0] 

transpoint
[1181  679    0] [332 468   0] [208 439   0] [251 440   0] [355 417   0] [317 418   0] [535 407   0] [660 402   0] [762 399   0] [830 396   0] [588 397   0] [880 383   0] [484 345   0] [713 331   0] [693 323   0] 

transpoint
[1182  679    0] [332 468   0] [208 439   0] [251 440   0] [356 417   0] [317 418   0] [535 407   0] [660 402   0] [761 399   0] [830 396   0] [588 397   0] [880 383   0] [490 343   0] [715 330   0] [695 321   0] 

transpoint
[1182  679    0] [331 468   0] [208 439   0] [251 440   0] [355 417   0] [317 418   0] [535 407   0] [660 402   0] [762 399   0] [830 396   0] [588 397   0] [880 383   0] [496 341   0] [718 328   0] [699 320   0] 

transpoint
[1182  679    0] [331 468   0] [208 439   0] [251 440   0] [356 417   0] [317 418   0] [535 407   0] [660 402   0] [761 399   0] [830 396   0] [588 397   0] [880 383   0] [501 340   0] [720 327   0] [701 318   0] 

transpoint
[1182  679    0] [331 468   0] [208 439   0] [251 440   0] [356 417   0] [317 418   0] [535 407   0] [660 402   0] [761 399   0] [830 396   0] [588 397   0] [880 383   0] [503 339   0] [720 326   0] [701 317   0] 

transpoint
[1182  679    0] [331 468   0] [208 439   0] [251 440   0] [356 417   0] [317 418   0] [535 407   0] [660 402   0] [761 399   0] [830 396   0] [588 397   0] [880 383   0] [502 339   0] [719 326   0] [699 317   0] 

transpoint
[1182  679    0] [331 468   0] [208 439   0] [251 440   0] [356 417   0] [317 418   0] [535 407   0] [660 402   0] [762 399   0] [830 396   0] [588 397   0] [880 383   0] [498 339   0] [715 327   0] [695 319   0] 

transpoint
[1183  679    0] [332 468   0] [208 439   0] [251 440   0] [356 417   0] [317 418   0] [535 407   0] [660 402   0] [761 399   0] [830 396   0] [588 397   0] [880 383   0] [493 341   0] [712 328   0] [690 320   0] 

addpoint
[1182  679    0] [332 468   0] [208 439   0] [251 440   0] [356 417   0] [317 418   0] [535 407   0] [660 402   0] [762 399   0] [830 396   0] [588 397   0] [880 383   0] [486 343   0] [709 330   0] [684 323   0] 

addpoint
[1182  679    0] [332 468   0] [208 439   0] [251 440   0] [356 417   0] [317 418   0] [535 407   0] [660 402   0] [762 399   0] [830 396   0] [588 397   0] [880 383   0] [477 345   0] [690 329   0] 

transpoint
[1183  679    0] [332 468   0] [208 439   0] [251 440   0] [356 417   0] [317 418   0] [535 407   0] [660 402   0] [762 399   0] [830 396   0] [588 397   0] [880 383   0] [470 347   0] [697 335   0] [670 326   0] 

transpoint
[1182  679    0] [332 468   0] [208 439   0] [251 440   0] [356 417   0] [317 418   0] [535 407   0] [660 401   0] [762 399   0] [830 396   0] [588 397   0] [880 383   0] [467 350   0] [701 337   0] [667 328   0] 

transpoint
[1182  679    0] [332 468   0] [208 439   0] [251 440   0] [356 417   0] [317 418   0] [535 407   0] [660 401   0] [762 399   0] [830 396   0] [588 397   0] [880 383   0] [467 351   0] [707 338   0] [664 329   0] 

transpoint
[1182  679    0] [332 468   0] [208 439   0] [251 440   0] [356 417   0] [317 418   0] [535 407   0] [660 401   0] [761 399   0] [830 396   0] [588 397   0] [880 383   0] [467 352   0] [709 339   0] [662 329   0] 

transpoint
[1183  679    0] [332 468   0] [208 439   0] [251 440   0] [356 417   0] [317 418   0] [535 407   0] [660 402   0] [761 399   0] [830 396   0] [588 397   0] [880 383   0] [467 353   0] [710 339   0] [661 329   0] 

transpoint
[1183  679    0] [332 468   0] [208 439   0] [251 440   0] [356 417   0] [317 418   0] [535 407   0] [660 401   0] [762 399   0] [830 396   0] [588 397   0] [880 383   0] [469 352   0] [709 338   0] [663 327   0] 

transpoint
[1183  679    0] [332 468   0] [208 439   0] [251 440   0] [356 417   0] [317 418   0] [535 407   0] [660 401   0] [762 399   0] [830 396   0] [588 397   0] [880 383   0] [470 350   0] [706 336   0] [665 325   0] 

transpoint
[1183  679    0] [332 468   0] [208 439   0] [251 440   0] [356 417   0] [317 418   0] [535 407   0] [660 401   0] [762 399   0] [830 396   0] [588 397   0] [880 383   0] [471 348   0] [699 334   0] [667 322   0] 

addpoint
[1183  679    0] [332 468   0] [208 439   0] [251 440   0] [356 417   0] [317 418   0] [535 407   0] [660 402   0] [762 399   0] [830 396   0] [588 397   0] [880 383   0] [472 345   0] [692 332   0] [666 321   0] 

transpoint
[1183  679    0] [332 468   0] [208 439   0] [251 440   0] [356 417   0] [317 418   0] [535 407   0] [660 402   0] [761 399   0] [830 396   0] [588 397   0] [880 383   0] [470 344   0] [677 327   0] 

addpoint
[1183  679    0] [332 468   0] [208 439   0] [251 440   0] [356 417   0] [317 418   0] [535 407   0] [660 402   0] [761 399   0] [830 396   0] [588 397   0] [880 383   0] [468 343   0] [671 326   0] 

addpoint
[1183  679    0] [332 468   0] [208 439   0] [251 440   0] [356 417   0] [317 418   0] [535 407   0] [660 402   0] [761 399   0] [830 396   0] [588 397   0] [880 383   0] [464 343   0] [675 331   0] [649 321   0] 

transpoint
[1183  679    0] [332 468   0] [208 439   0] [251 440   0] [356 417   0] [317 418   0] [535 407   0] [660 402   0] [761 399   0] [830 396   0] [588 397   0] [880 383   0] [455 344   0] [654 328   0] 

addpoint
[1183  679    0] [332 468   0] [208 439   0] [251 440   0] [356 417   0] [317 418   0] [535 407   0] [660 402   0] [761 399   0] [830 396   0] [588 397   0] [880 383   0] [442 345   0] [642 329   0] 

addpoint
[1183  679    0] [332 468   0] [208 439   0] [251 440   0] [356 417   0] [317 418   0] [535 407   0] [660 402   0] [761 399   0] [830 396   0] [588 397   0] [880 383   0] [429 348   0] [642 335   0] [614 324   0] 

transpoint
[1183  679    0] [332 468   0] [208 439   0] [251 440   0] [356 417   0] [317 418   0] [535 408   0] [660 402   0] [761 399   0] [830 396   0] [588 397   0] [880 383   0] [413 350   0] [615 332   0] 

transpoint
[1183  679    0] [332 468   0] [208 439   0] [251 440   0] [356 417   0] [317 418   0] [535 407   0] [660 402   0] [761 399   0] [830 396   0] [588 397   0] [880 383   0] [395 352   0] [599 335   0] 

transpoint
[1183  679    0] [332 468   0] [208 439   0] [251 440   0] [356 417   0] [317 418   0] [535 407   0] [660 402   0] [761 399   0] [830 396   0] [588 397   0] [880 383   0] [378 354   0] [584 336   0] 

transpoint
[1183  679    0] [332 468   0] [208 439   0] [251 440   0] [356 417   0] [317 418   0] [535 407   0] [660 402   0] [761 399   0] [830 396   0] [588 397   0] [880 383   0] [364 355   0] [572 338   0] 

addpoint
[1183  679    0] [332 468   0] [208 439   0] [251 440   0] [356 417   0] [317 418   0] [535 407   0] [660 402   0] [761 399   0] [830 396   0] [588 397   0] [880 383   0] [356 357   0] [565 339   0] 

transpoint
[1182  679    0] [332 468   0] [208 439   0] [251 440   0] [356 417   0] [317 418   0] [535 407   0] [660 402   0] [761 399   0] [830 396   0] [588 397   0] [880 383   0] [353 358   0] [574 345   0] [547 333   0] 

transpoint
[1183  679    0] [332 468   0] [208 439   0] [251 440   0] [356 417   0] [317 418   0] [535 407   0] [660 402   0] [762 399   0] [830 396   0] [588 397   0] [880 383   0] [355 358   0] [578 345   0] [547 333   0] 

transpoint
[1182  679    0] [332 468   0] [208 439   0] [251 440   0] [356 417   0] [317 418   0] [535 407   0] [660 402   0] [762 399   0] [830 396   0] [588 397   0] [880 383   0] [363 358   0] [586 344   0] [551 332   0] 

transpoint
[1183  679    0] [332 468   0] [208 439   0] [251 440   0] [356 417   0] [317 418   0] [535 407   0] [660 402   0] [762 399   0] [830 396   0] [588 397   0] [880 383   0] [376 357   0] [601 343   0] [559 331   0] 

transpoint
[1183  679    0] [332 468   0] [208 439   0] [251 440   0] [356 417   0] [317 418   0] [535 407   0] [660 402   0] [762 399   0] [830 396   0] [588 397   0] [880 383   0] [395 356   0] [622 342   0] [569 330   0] 

transpoint
[1183  679    0] [332 468   0] [208 439   0] [251 440   0] [356 417   0] [317 418   0] [535 407   0] [660 402   0] [762 399   0] [830 396   0] [588 397   0] [880 383   0] [415 355   0] [646 340   0] [580 329   0] 

transpoint
[1183  679    0] [332 468   0] [208 439   0] [251 440   0] [356 417   0] [317 418   0] [535 407   0] [660 402   0] [762 399   0] [830 396   0] [588 397   0] [880 383   0] [437 353   0] [670 339   0] [592 328   0] 

transpoint
[1183  679    0] [332 468   0] [208 439   0] [251 440   0] [356 417   0] [317 418   0] [535 407   0] [660 402   0] [761 399   0] [830 396   0] [588 397   0] [880 383   0] [463 352   0] [701 337   0] [602 327   0] 

transpoint
[1183  679    0] [332 468   0] [208 439   0] [251 440   0] [356 417   0] [317 418   0] [535 407   0] [660 402   0] [761 399   0] [830 396   0] [588 397   0] [880 383   0] [489 351   0] [730 336   0] [608 326   0] 

transpoint
[1182  679    0] [332 468   0] [208 439   0] [251 440   0] [356 417   0] [317 418   0] [535 407   0] [660 402   0] [762 399   0] [830 396   0] [588 397   0] [880 383   0] [509 349   0] [751 333   0] [611 326   0] 

addpoint
[1182  679    0] [332 468   0] [208 439   0] [251 440   0] [356 417   0] [317 418   0] [535 407   0] [660 402   0] [762 399   0] [830 396   0] [588 397   0] [880 383   0] [523 348   0] [764 332   0] [615 325   0] 

transpoint
[1182  679    0] [332 468   0] [208 439   0] [251 440   0] [356 417   0] [317 418   0] [535 407   0] [660 402   0] [762 399   0] [830 396   0] [588 397   0] [880 383   0] [546 348   0] [515 347   0] [770 331   0] [616 325   0] 

transpoint
[1183  679    0] [332 468   0] [208 439   0] [251 440   0] [356 417   0] [317 418   0] [535 407   0] [660 402   0] [762 399   0] [830 396   0] [588 397   0] [880 383   0] [549 348   0] [513 348   0] [769 331   0] [616 325   0] 

transpoint
[1183  679    0] [332 468   0] [208 439   0] [251 440   0] [356 417   0] [317 418   0] [535 407   0] [660 402   0] [761 399   0] [830 396   0] [588 397   0] [880 383   0] [544 349   0] [504 349   0] [763 332   0] [616 325   0] 

transpoint
[1183  679    0] [332 468   0] [208 439   0] [251 440   0] [356 417   0] [317 418   0] [535 407   0] [660 402   0] [761 399   0] [830 396   0] [588 397   0] [880 383   0] [533 350   0] [492 350   0] [752 333   0] [616 325   0] 

transpoint
[1183  679    0] [332 468   0] [208 439   0] [251 440   0] [356 417   0] [317 418   0] [535 407   0] [660 401   0] [761 399   0] [830 396   0] [588 397   0] [880 383   0] [521 351   0] [480 352   0] [740 335   0] [616 325   0] 

transpoint
[1183  679    0] [332 468   0] [208 439   0] [251 440   0] [356 417   0] [317 418   0] [535 407   0] [660 401   0] [761 399   0] [830 396   0] [588 397   0] [880 383   0] [508 353   0] [468 353   0] [728 336   0] [616 325   0] 

transpoint
[1183  679    0] [332 468   0] [208 439   0] [251 440   0] [356 417   0] [317 418   0] [535 407   0] [660 401   0] [761 399   0] [830 396   0] [588 397   0] [880 383   0] [496 354   0] [456 354   0] [716 337   0] [616 325   0] 

addpoint
[1183  679    0] [332 468   0] [208 439   0] [251 440   0] [356 417   0] [317 418   0] [535 407   0] [660 401   0] [761 399   0] [830 396   0] [588 397   0] [880 383   0] [488 355   0] [447 355   0] [708 338   0] [612 325   0] 

addpoint
[1101  659    0] [1185  679    0] [332 468   0] [208 439   0] [251 440   0] [356 417   0] [317 418   0] [535 407   0] [660 401   0] [761 399   0] [830 396   0] [588 397   0] [880 383   0] [478 356   0] [437 357   0] [700 339   0] [606 326   0] 

transpoint
[1185  679    0] [332 468   0] [208 439   0] [251 440   0] [356 417   0] [317 418   0] [535 407   0] [660 401   0] [761 399   0] [830 396   0] [588 397   0] [880 383   0] [467 358   0] [426 358   0] [690 340   0] [598 327   0] 

transpoint
[1185  679    0] [332 468   0] [208 439   0] [251 440   0] [356 417   0] [317 418   0] [535 407   0] [660 401   0] [761 399   0] [830 396   0] [588 397   0] [880 383   0] [455 360   0] [414 360   0] [679 342   0] [588 329   0] 

transpoint
[1185  679    0] [332 468   0] [208 439   0] [251 440   0] [356 417   0] [317 418   0] [535 407   0] [660 401   0] [761 399   0] [830 396   0] [588 397   0] [880 383   0] [442 362   0] [401 362   0] [668 343   0] [578 330   0] 

transpoint
[1185  679    0] [332 468   0] [208 439   0] [251 440   0] [356 417   0] [317 418   0] [535 407   0] [660 401   0] [761 399   0] [830 396   0] [588 397   0] [880 383   0] [427 364   0] [386 364   0] [655 345   0] [567 332   0] 

transpoint
[1185  679    0] [332 468   0] [208 439   0] [251 440   0] [356 417   0] [317 418   0] [535 407   0] [660 401   0] [761 399   0] [830 396   0] [588 397   0] [880 383   0] [416 366   0] [375 366   0] [646 347   0] [555 333   0] 

transpoint
[1185  679    0] [332 468   0] [208 439   0] [251 440   0] [356 417   0] [317 418   0] [535 407   0] [660 401   0] [761 399   0] [830 396   0] [588 397   0] [880 383   0] [410 367   0] [367 368   0] [641 348   0] [545 335   0] 

transpoint
[1185  679    0] [332 468   0] [208 439   0] [251 440   0] [356 417   0] [317 418   0] [535 407   0] [660 401   0] [761 399   0] [830 396   0] [588 397   0] [880 383   0] [407 368   0] [365 368   0] [640 349   0] [536 336   0] 

transpoint
[1185  679    0] [332 468   0] [208 439   0] [251 440   0] [356 417   0] [317 418   0] [535 407   0] [660 401   0] [761 399   0] [830 396   0] [588 397   0] [880 383   0] [411 368   0] [368 368   0] [645 349   0] [527 337   0] 

transpoint
[1185  679    0] [332 468   0] [208 439   0] [251 440   0] [356 417   0] [317 418   0] [535 407   0] [660 401   0] [761 399   0] [830 396   0] [588 397   0] [880 383   0] [419 367   0] [376 368   0] [652 348   0] [519 338   0] 

transpoint
[1185  679    0] [332 468   0] [208 439   0] [251 440   0] [356 417   0] [317 418   0] [535 407   0] [660 401   0] [761 399   0] [830 396   0] [588 397   0] [880 383   0] [431 365   0] [388 366   0] [662 346   0] [514 339   0] 

transpoint
[1185  679    0] [332 468   0] [208 439   0] [251 440   0] [356 417   0] [317 418   0] [535 407   0] [660 401   0] [761 399   0] [830 396   0] [588 397   0] [880 383   0] [445 363   0] [402 364   0] [674 345   0] [509 339   0] 

transpoint
[1185  679    0] [332 468   0] [208 439   0] [251 440   0] [356 417   0] [317 418   0] [535 407   0] [660 401   0] [761 399   0] [830 396   0] [588 397   0] [880 383   0] [458 361   0] [416 362   0] [686 343   0] [504 340   0] 

addpoint
[1185  679    0] [332 468   0] [208 439   0] [251 440   0] [355 417   0] [317 418   0] [535 407   0] [660 401   0] [761 399   0] [830 396   0] [588 397   0] [880 383   0] [471 360   0] [428 360   0] [501 340   0] [697 341   0] 

transpoint
[1185  679    0] [332 468   0] [208 439   0] [251 440   0] [355 417   0] [317 418   0] [535 407   0] [660 401   0] [761 399   0] [830 396   0] [588 397   0] [880 383   0] [439 359   0] [490 351   0] [707 340   0] 

transpoint
[1185  679    0] [332 468   0] [208 439   0] [251 440   0] [355 417   0] [317 418   0] [535 407   0] [660 401   0] [761 399   0] [830 396   0] [588 397   0] [880 383   0] [446 358   0] [495 351   0] [714 340   0] 

transpoint
[1185  679    0] [332 468   0] [208 439   0] [251 440   0] [356 417   0] [317 418   0] [535 407   0] [660 401   0] [762 399   0] [830 396   0] [588 397   0] [880 383   0] [449 357   0] [496 351   0] [716 339   0] 

transpoint
[1185  679    0] [332 468   0] [208 439   0] [251 440   0] [356 417   0] [317 418   0] [535 407   0] [660 401   0] [761 399   0] [830 396   0] [588 397   0] [880 383   0] [451 357   0] [497 351   0] [718 339   0] 

transpoint
[1185  679    0] [332 468   0] [208 439   0] [251 440   0] [356 417   0] [317 418   0] [535 407   0] [660 401   0] [761 399   0] [830 396   0] [588 397   0] [880 383   0] [451 357   0] [497 351   0] [718 339   0] 

transpoint
[1185  679    0] [332 468   0] [208 439   0] [251 440   0] [356 417   0] [317 418   0] [535 407   0] [660 401   0] [761 399   0] [830 396   0] [588 397   0] [880 383   0] [451 357   0] [496 351   0] [716 339   0] 

transpoint
[1185  679    0] [332 468   0] [208 439   0] [251 440   0] [356 417   0] [317 418   0] [535 407   0] [660 401   0] [761 399   0] [830 396   0] [588 397   0] [880 383   0] [447 357   0] [493 350   0] [712 339   0] 

addpoint
[1185  679    0] [332 468   0] [208 439   0] [251 440   0] [356 417   0] [317 418   0] [535 407   0] [660 401   0] [761 399   0] [830 396   0] [588 397   0] [880 383   0] [440 358   0] [489 351   0] [705 340   0] 

transpoint
[1185  679    0] [332 468   0] [208 439   0] [251 440   0] [356 417   0] [317 418   0] [535 407   0] [660 401   0] [761 399   0] [830 396   0] [588 397   0] [880 383   0] [469 359   0] [429 359   0] [499 340   0] [695 342   0] 

transpoint
[1185  679    0] [332 468   0] [208 439   0] [251 440   0] [356 417   0] [317 418   0] [535 407   0] [660 401   0] [761 399   0] [830 396   0] [588 397   0] [880 383   0] [456 361   0] [418 360   0] [496 341   0] [683 344   0] 

transpoint
[1185  679    0] [332 468   0] [208 439   0] [251 440   0] [356 417   0] [317 418   0] [535 407   0] [660 401   0] [761 399   0] [830 396   0] [588 397   0] [880 383   0] [449 361   0] [411 361   0] [674 345   0] [491 341   0] 

transpoint
[1185  679    0] [332 468   0] [208 439   0] [251 440   0] [356 417   0] [317 418   0] [535 407   0] [660 401   0] [761 399   0] [830 396   0] [588 397   0] [880 383   0] [448 361   0] [410 361   0] [672 345   0] [490 341   0] 

transpoint
[1185  679    0] [332 468   0] [208 439   0] [251 440   0] [356 417   0] [317 418   0] [535 407   0] [660 401   0] [761 399   0] [830 396   0] [588 397   0] [880 383   0] [450 360   0] [412 360   0] [673 344   0] [490 341   0] 

transpoint
[1185  679    0] [332 468   0] [208 439   0] [251 440   0] [356 417   0] [317 418   0] [535 407   0] [660 401   0] [761 399   0] [830 396   0] [588 397   0] [880 383   0] [451 359   0] [413 359   0] [489 340   0] [672 343   0] 

transpoint
[1185  679    0] [332 468   0] [208 439   0] [251 440   0] [356 417   0] [317 418   0] [535 407   0] [660 401   0] [761 399   0] [830 396   0] [588 397   0] [880 383   0] [450 358   0] [414 357   0] [488 339   0] [667 342   0] 

addpoint
[1185  679    0] [332 468   0] [208 439   0] [251 440   0] [356 417   0] [317 418   0] [535 407   0] [660 401   0] [761 399   0] [830 396   0] [588 397   0] [880 383   0] [449 356   0] [416 355   0] [661 341   0] [487 338   0] 

transpoint
[1185  679    0] [332 468   0] [208 439   0] [251 440   0] [356 417   0] [317 418   0] [535 407   0] [660 401   0] [761 399   0] [830 396   0] [588 397   0] [880 383   0] [436 353   0] [487 337   0] [659 340   0] 

transpoint
[1185  679    0] [332 468   0] [208 439   0] [251 440   0] [356 417   0] [317 418   0] [535 407   0] [660 402   0] [761 399   0] [830 396   0] [588 397   0] [880 383   0] [444 350   0] [662 339   0] [492 335   0] 

transpoint
[1185  679    0] [332 468   0] [208 439   0] [251 440   0] [356 417   0] [317 418   0] [535 407   0] [660 402   0] [761 399   0] [830 396   0] [588 397   0] [880 383   0] [451 348   0] [498 334   0] [665 337   0] 

transpoint
[1185  679    0] [332 468   0] [208 439   0] [251 440   0] [356 417   0] [317 418   0] [535 407   0] [660 402   0] [761 399   0] [830 396   0] [588 397   0] [880 383   0] [458 347   0] [506 333   0] [671 336   0] 

transpoint
[1185  679    0] [332 468   0] [208 439   0] [251 440   0] [356 417   0] [317 418   0] [535 407   0] [660 402   0] [761 399   0] [830 396   0] [588 397   0] [880 383   0] [466 346   0] [679 335   0] [515 331   0] 

transpoint
[1185  679    0] [332 468   0] [208 439   0] [251 440   0] [356 417   0] [317 418   0] [535 407   0] [660 401   0] [761 399   0] [830 396   0] [588 397   0] [880 383   0] [471 346   0] [685 335   0] [524 330   0] 

transpoint
[1185  679    0] [332 468   0] [208 439   0] [251 440   0] [356 417   0] [317 418   0] [535 407   0] [660 401   0] [761 399   0] [830 396   0] [588 397   0] [880 383   0] [472 346   0] [687 335   0] [532 330   0] 

transpoint
[1185  679    0] [332 468   0] [208 439   0] [251 440   0] [356 417   0] [317 418   0] [535 407   0] [660 401   0] [761 399   0] [830 396   0] [588 397   0] [880 383   0] [468 347   0] [685 336   0] [539 329   0] 

transpoint
[1185  679    0] [332 468   0] [208 439   0] [251 440   0] [356 417   0] [317 418   0] [535 407   0] [660 401   0] [761 399   0] [830 396   0] [588 397   0] [880 383   0] [463 348   0] [680 337   0] [545 329   0] 

transpoint
[1185  679    0] [332 468   0] [208 439   0] [251 440   0] [356 417   0] [317 418   0] [535 407   0] [660 401   0] [761 399   0] [830 396   0] [588 397   0] [880 383   0] [459 349   0] [675 339   0] [551 328   0] 

transpoint
[1185  679    0] [332 468   0] [208 439   0] [251 440   0] [356 417   0] [317 418   0] [535 407   0] [660 401   0] [761 399   0] [830 396   0] [588 397   0] [880 383   0] [453 350   0] [670 341   0] [556 328   0] 

transpoint
[1185  679    0] [332 468   0] [208 439   0] [251 440   0] [356 417   0] [317 418   0] [535 407   0] [660 401   0] [761 399   0] [830 396   0] [588 397   0] [880 383   0] [448 352   0] [665 343   0] [562 327   0] 

transpoint
[1185  679    0] [332 468   0] [208 439   0] [251 440   0] [356 417   0] [317 418   0] [535 407   0] [660 401   0] [761 399   0] [830 396   0] [588 397   0] [880 383   0] [444 353   0] [661 344   0] [569 327   0] 

transpoint
[1185  679    0] [332 468   0] [208 439   0] [251 440   0] [356 417   0] [317 418   0] [535 407   0] [660 401   0] [761 399   0] [830 396   0] [588 397   0] [880 383   0] [441 354   0] [659 345   0] [574 326   0] 

transpoint
[1185  679    0] [332 468   0] [208 439   0] [251 440   0] [356 417   0] [317 418   0] [535 407   0] [660 401   0] [761 399   0] [830 396   0] [588 397   0] [880 383   0] [439 354   0] [658 345   0] [578 325   0] 

transpoint
[1185  679    0] [332 468   0] [208 439   0] [251 440   0] [356 417   0] [317 418   0] [535 407   0] [660 401   0] [761 399   0] [830 396   0] [588 397   0] [880 383   0] [437 355   0] [659 345   0] [583 325   0] 

transpoint
[1185  679    0] [332 468   0] [208 439   0] [251 440   0] [356 417   0] [317 418   0] [535 407   0] [660 401   0] [761 399   0] [830 396   0] [588 397   0] [880 383   0] [436 355   0] [661 344   0] [588 325   0] 

transpoint
[1185  679    0] [332 468   0] [208 439   0] [251 440   0] [356 417   0] [317 418   0] [535 407   0] [660 401   0] [761 399   0] [830 396   0] [588 397   0] [880 383   0] [435 355   0] [661 344   0] [591 325   0] 

transpoint
[1185  679    0] [332 468   0] [208 439   0] [251 440   0] [356 417   0] [317 418   0] [535 407   0] [660 401   0] [761 399   0] [830 396   0] [588 397   0] [880 383   0] [433 355   0] [657 343   0] [593 325   0] 

transpoint
[1185  679    0] [332 468   0] [208 439   0] [251 440   0] [356 417   0] [317 418   0] [535 407   0] [660 401   0] [761 399   0] [830 396   0] [588 397   0] [880 383   0] [431 353   0] [648 342   0] [595 325   0] 

transpoint
[1185  679    0] [331 468   0] [208 439   0] [251 440   0] [356 417   0] [317 418   0] [535 407   0] [660 402   0] [761 399   0] [830 396   0] [588 397   0] [880 383   0] [431 351   0] [641 341   0] [597 325   0] 

transpoint
[1185  679    0] [331 468   0] [208 439   0] [251 440   0] [356 417   0] [317 418   0] [535 407   0] [660 402   0] [761 399   0] [830 396   0] [588 397   0] [880 383   0] [433 350   0] [640 340   0] [599 325   0] 

transpoint
[1185  679    0] [331 468   0] [208 439   0] [251 440   0] [356 417   0] [317 418   0] [535 407   0] [660 402   0] [761 399   0] [830 396   0] [588 397   0] [880 383   0] [437 348   0] [642 339   0] [602 325   0] 

transpoint
[1185  679    0] [331 468   0] [208 439   0] [251 440   0] [356 417   0] [317 418   0] [535 407   0] [660 402   0] [761 399   0] [830 396   0] [588 397   0] [880 383   0] [439 348   0] [644 339   0] [606 324   0] 

transpoint
[1185  679    0] [331 468   0] [208 439   0] [251 440   0] [356 417   0] [317 418   0] [535 407   0] [660 402   0] [761 399   0] [830 396   0] [588 397   0] [880 383   0] [437 348   0] [643 339   0] [609 324   0] 

transpoint
[1185  679    0] [332 468   0] [208 439   0] [251 440   0] [356 417   0] [317 418   0] [535 407   0] [660 402   0] [761 399   0] [830 396   0] [588 397   0] [880 383   0] [434 349   0] [639 340   0] [611 324   0] 

transpoint
[1185  679    0] [332 468   0] [208 439   0] [251 440   0] [355 417   0] [317 418   0] [535 407   0] [660 402   0] [761 399   0] [830 396   0] [588 397   0] [880 383   0] [429 350   0] [635 341   0] [609 325   0] 

transpoint
[1185  679    0] [332 468   0] [208 439   0] [251 440   0] [356 417   0] [317 418   0] [535 407   0] [660 402   0] [761 399   0] [830 396   0] [588 397   0] [880 383   0] [424 351   0] [632 342   0] [606 325   0] 

transpoint
[1185  679    0] [332 468   0] [208 439   0] [251 440   0] [356 417   0] [317 418   0] [535 407   0] [660 402   0] [761 399   0] [830 396   0] [588 397   0] [880 383   0] [421 351   0] [631 342   0] [602 325   0] 

transpoint
[1185  679    0] [332 468   0] [208 439   0] [251 440   0] [356 417   0] [317 418   0] [535 407   0] [660 402   0] [761 399   0] [830 396   0] [588 397   0] [880 383   0] [420 352   0] [633 343   0] [600 326   0] 

transpoint
[1185  679    0] [332 468   0] [208 439   0] [251 440   0] [356 417   0] [317 418   0] [535 407   0] [660 402   0] [761 399   0] [830 396   0] [588 397   0] [880 383   0] [421 353   0] [636 343   0] [598 326   0] 

transpoint
[1185  679    0] [332 468   0] [208 439   0] [251 440   0] [356 417   0] [317 418   0] [535 407   0] [660 402   0] [761 399   0] [830 396   0] [588 397   0] [880 383   0] [423 353   0] [638 343   0] [596 327   0] 

transpoint
[1185  679    0] [332 468   0] [208 439   0] [251 440   0] [356 417   0] [317 418   0] [535 407   0] [660 402   0] [761 399   0] [830 396   0] [588 397   0] [880 383   0] [424 353   0] [639 342   0] [597 326   0] 

transpoint
[1185  679    0] [332 468   0] [208 439   0] [251 440   0] [356 417   0] [317 418   0] [535 407   0] [660 402   0] [761 399   0] [830 396   0] [588 397   0] [880 383   0] [424 353   0] [639 342   0] [598 326   0] 

transpoint
[1185  679    0] [332 468   0] [208 439   0] [251 440   0] [356 417   0] [317 418   0] [535 407   0] [660 402   0] [761 399   0] [830 396   0] [588 397   0] [880 383   0] [424 353   0] [639 342   0] [599 326   0] 

transpoint
[1185  679    0] [332 468   0] [208 439   0] [251 440   0] [356 417   0] [317 418   0] [535 407   0] [660 402   0] [761 399   0] [830 396   0] [588 397   0] [880 383   0] [424 353   0] [639 342   0] [600 326   0] 

transpoint
[1185  679    0] [332 468   0] [208 439   0] [251 440   0] [356 417   0] [317 418   0] [535 407   0] [660 402   0] [761 399   0] [830 396   0] [588 397   0] [880 383   0] [424 353   0] [639 342   0] [600 326   0] 

transpoint
[1185  679    0] [332 468   0] [208 439   0] [251 440   0] [356 417   0] [317 418   0] [535 407   0] [660 402   0] [761 399   0] [830 396   0] [588 397   0] [880 383   0] [424 353   0] [639 342   0] [601 326   0] 

transpoint
[1185  679    0] [332 468   0] [208 439   0] [251 440   0] [356 417   0] [317 418   0] [535 407   0] [660 402   0] [761 399   0] [830 396   0] [588 397   0] [880 383   0] [425 352   0] [640 342   0] [602 326   0] 

transpoint
[1185  679    0] [332 468   0] [208 439   0] [251 440   0] [356 417   0] [317 418   0] [535 407   0] [660 402   0] [761 399   0] [830 396   0] [588 397   0] [880 383   0] [426 352   0] [641 342   0] [603 326   0] 

transpoint
[1185  679    0] [332 468   0] [208 439   0] [251 440   0] [356 417   0] [317 418   0] [535 407   0] [660 402   0] [761 399   0] [830 396   0] [588 397   0] [880 383   0] [426 352   0] [641 342   0] [603 326   0] 

transpoint
[1185  679    0] [332 468   0] [208 439   0] [251 440   0] [356 417   0] [317 418   0] [535 407   0] [660 402   0] [761 399   0] [830 396   0] [588 397   0] [880 383   0] [426 352   0] [641 342   0] [603 326   0] 

transpoint
[1185  679    0] [332 468   0] [208 439   0] [251 440   0] [356 417   0] [317 418   0] [535 407   0] [660 402   0] [761 399   0] [830 396   0] [588 397   0] [880 383   0] [426 352   0] [641 342   0] [603 326   0] 

transpoint
[1185  679    0] [332 468   0] [208 439   0] [251 440   0] [356 417   0] [317 418   0] [535 407   0] [660 402   0] [761 399   0] [830 396   0] [588 397   0] [880 383   0] [426 352   0] [641 342   0] [603 326   0] 

transpoint
[1185  679    0] [332 468   0] [208 439   0] [251 440   0] [356 417   0] [317 418   0] [535 407   0] [660 402   0] [761 399   0] [830 396   0] [588 397   0] [880 383   0] [426 352   0] [641 342   0] [603 326   0] 

transpoint
[1185  679    0] [332 468   0] [208 439   0] [251 440   0] [356 417   0] [317 418   0] [535 407   0] [660 402   0] [761 399   0] [830 396   0] [588 397   0] [880 383   0] [426 352   0] [641 342   0] [603 326   0] 

transpoint
[1185  679    0] [332 468   0] [208 439   0] [251 440   0] [356 417   0] [317 418   0] [535 407   0] [660 402   0] [761 399   0] [830 396   0] [588 397   0] [880 383   0] [425 352   0] [640 342   0] [603 326   0] 

transpoint
[1185  679    0] [332 468   0] [208 439   0] [251 440   0] [356 417   0] [317 418   0] [535 407   0] [660 402   0] [761 399   0] [830 396   0] [588 397   0] [880 383   0] [423 352   0] [638 342   0] [603 326   0] 

transpoint
[1185  679    0] [332 468   0] [208 439   0] [251 440   0] [356 417   0] [317 418   0] [535 407   0] [660 402   0] [761 399   0] [830 396   0] [588 397   0] [880 383   0] [424 352   0] [638 342   0] [603 326   0] 

transpoint
[1185  679    0] [331 468   0] [208 439   0] [251 440   0] [356 417   0] [317 418   0] [535 407   0] [660 402   0] [761 399   0] [830 396   0] [588 397   0] [880 383   0] [423 352   0] [638 342   0] [603 326   0] 

transpoint
[1185  679    0] [331 468   0] [208 439   0] [251 440   0] [356 417   0] [317 418   0] [535 407   0] [660 402   0] [761 399   0] [830 396   0] [588 397   0] [880 383   0] [422 352   0] [637 342   0] [603 326   0] 

transpoint
[1185  679    0] [331 468   0] [208 439   0] [251 440   0] [356 417   0] [317 418   0] [535 407   0] [660 402   0] [761 399   0] [830 396   0] [588 397   0] [880 383   0] [421 352   0] [635 342   0] [602 326   0] 

transpoint
[1185  679    0] [331 468   0] [208 439   0] [251 440   0] [356 417   0] [317 418   0] [535 407   0] [660 402   0] [761 399   0] [830 396   0] [588 397   0] [880 383   0] [419 352   0] [633 342   0] [600 326   0] 

transpoint
[1185  679    0] [331 468   0] [208 439   0] [251 440   0] [356 417   0] [317 418   0] [535 407   0] [660 402   0] [761 399   0] [830 396   0] [588 397   0] [880 383   0] [420 351   0] [633 341   0] [599 326   0] 

transpoint
[1185  679    0] [331 468   0] [208 439   0] [251 440   0] [356 417   0] [317 418   0] [535 407   0] [660 402   0] [761 399   0] [830 396   0] [588 397   0] [880 383   0] [422 350   0] [632 340   0] [599 326   0] 

transpoint
[1185  679    0] [331 468   0] [208 439   0] [251 440   0] [356 417   0] [317 418   0] [535 407   0] [660 402   0] [761 399   0] [830 396   0] [588 397   0] [880 383   0] [424 349   0] [630 339   0] [599 325   0] 

transpoint
[1185  679    0] [331 468   0] [208 439   0] [251 440   0] [356 417   0] [317 418   0] [535 407   0] [660 402   0] [761 399   0] [830 396   0] [588 397   0] [880 383   0] [431 347   0] [632 338   0] [600 324   0] 

transpoint
[1185  679    0] [332 468   0] [208 439   0] [251 440   0] [356 417   0] [317 418   0] [535 407   0] [660 402   0] [761 399   0] [830 396   0] [588 397   0] [880 383   0] [439 345   0] [637 337   0] [602 324   0] 

transpoint
[1185  679    0] [332 468   0] [208 439   0] [251 440   0] [356 417   0] [317 418   0] [535 407   0] [660 402   0] [761 399   0] [830 396   0] [588 397   0] [880 383   0] [443 345   0] [640 336   0] [605 323   0] 

transpoint
[1185  679    0] [332 468   0] [208 439   0] [251 440   0] [356 417   0] [317 418   0] [535 407   0] [660 402   0] [761 399   0] [830 396   0] [588 397   0] [880 383   0] [445 344   0] [640 337   0] [608 323   0] 

transpoint
[1185  679    0] [332 468   0] [208 439   0] [251 440   0] [356 417   0] [317 418   0] [535 407   0] [660 402   0] [761 399   0] [830 396   0] [588 397   0] [880 383   0] [445 344   0] [640 337   0] [610 323   0] 

transpoint
[1185  679    0] [332 468   0] [208 439   0] [251 440   0] [356 417   0] [317 418   0] [535 407   0] [660 402   0] [761 399   0] [830 396   0] [588 397   0] [880 383   0] [445 344   0] [640 337   0] [612 323   0] 

transpoint
[1185  679    0] [332 468   0] [208 439   0] [251 440   0] [356 417   0] [317 418   0] [535 407   0] [660 402   0] [761 399   0] [830 396   0] [588 397   0] [880 383   0] [445 344   0] [640 337   0] [613 323   0] 

transpoint
[1185  679    0] [332 468   0] [208 439   0] [251 440   0] [356 417   0] [317 418   0] [535 407   0] [660 402   0] [761 399   0] [830 396   0] [588 397   0] [880 383   0] [445 344   0] [640 337   0] [612 323   0] 

transpoint
[1185  679    0] [332 468   0] [208 439   0] [251 440   0] [356 417   0] [317 418   0] [535 407   0] [660 402   0] [761 399   0] [830 396   0] [588 397   0] [880 383   0] [445 344   0] [640 337   0] [610 323   0] 

transpoint
[1185  679    0] [332 468   0] [208 439   0] [251 440   0] [356 417   0] [317 418   0] [535 407   0] [660 402   0] [761 399   0] [830 396   0] [588 397   0] [880 383   0] [445 344   0] [640 337   0] [610 323   0] 

transpoint
[1185  679    0] [332 468   0] [208 439   0] [251 440   0] [356 417   0] [317 418   0] [535 407   0] [660 402   0] [761 399   0] [830 396   0] [588 397   0] [880 383   0] [445 344   0] [640 337   0] [611 323   0] 

transpoint
[1185  679    0] [332 468   0] [208 439   0] [251 440   0] [356 417   0] [317 418   0] [535 407   0] [660 402   0] [761 399   0] [830 396   0] [588 397   0] [880 383   0] [444 344   0] [640 336   0] [612 323   0] 

transpoint
[1185  679    0] [332 468   0] [208 439   0] [251 440   0] [356 417   0] [317 418   0] [535 407   0] [660 402   0] [761 399   0] [830 396   0] [588 397   0] [880 383   0] [441 345   0] [638 337   0] [612 323   0] 

transpoint
[1185  679    0] [332 468   0] [208 439   0] [251 440   0] [356 417   0] [317 418   0] [535 407   0] [660 402   0] [761 399   0] [830 396   0] [588 397   0] [880 383   0] [437 345   0] [634 337   0] [608 323   0] 

transpoint
[1185  679    0] [332 468   0] [208 439   0] [251 440   0] [356 417   0] [317 418   0] [535 407   0] [660 402   0] [761 399   0] [830 396   0] [588 397   0] [880 383   0] [434 346   0] [634 338   0] [605 324   0] 

transpoint
[1185  679    0] [332 468   0] [208 439   0] [251 440   0] [356 417   0] [317 418   0] [535 407   0] [660 402   0] [761 399   0] [830 396   0] [588 397   0] [880 383   0] [432 347   0] [635 338   0] [602 325   0] 

transpoint
[1186  679    0] [332 468   0] [208 439   0] [251 440   0] [356 417   0] [317 418   0] [535 407   0] [660 402   0] [761 399   0] [830 396   0] [588 397   0] [880 383   0] [431 348   0] [637 339   0] [599 325   0] 

transpoint
[1185  679    0] [332 468   0] [208 439   0] [251 440   0] [356 417   0] [317 418   0] [535 407   0] [660 402   0] [761 399   0] [830 396   0] [588 397   0] [880 383   0] [432 349   0] [642 339   0] [598 326   0] 

transpoint
[1185  679    0] [332 468   0] [208 439   0] [251 440   0] [356 417   0] [317 418   0] [535 407   0] [660 402   0] [761 399   0] [830 396   0] [588 397   0] [880 383   0] [433 349   0] [645 339   0] [597 326   0] 

transpoint
[1185  680    0] [332 468   0] [208 439   0] [251 440   0] [356 417   0] [317 418   0] [535 407   0] [660 402   0] [761 399   0] [830 396   0] [588 397   0] [880 383   0] [432 349   0] [644 339   0] [597 326   0] 

transpoint
[1185  679    0] [332 468   0] [208 439   0] [251 440   0] [356 417   0] [317 418   0] [535 407   0] [660 402   0] [761 399   0] [830 396   0] [588 397   0] [880 383   0] [430 349   0] [638 338   0] [596 326   0] 

addpoint
[1185  679    0] [331 468   0] [208 439   0] [251 440   0] [356 417   0] [317 418   0] [535 407   0] [660 402   0] [761 399   0] [830 396   0] [588 397   0] [880 383   0] [428 347   0] [628 338   0] [596 325   0] 

transpoint
[1185  679    0] [331 468   0] [208 439   0] [251 440   0] [356 417   0] [317 418   0] [535 407   0] [660 402   0] [761 399   0] [830 396   0] [588 397   0] [880 383   0] [425 345   0] [608 332   0] 

transpoint
[1185  679    0] [331 468   0] [208 439   0] [251 440   0] [356 417   0] [317 418   0] [535 407   0] [660 402   0] [761 399   0] [830 396   0] [588 397   0] [880 383   0] [427 343   0] [605 331   0] 

transpoint
[1185  679    0] [331 468   0] [208 439   0] [251 440   0] [356 417   0] [317 418   0] [535 407   0] [660 402   0] [761 399   0] [830 396   0] [588 397   0] [880 383   0] [437 341   0] [606 330   0] 

transpoint
[1185  679    0] [331 468   0] [208 439   0] [251 440   0] [356 417   0] [317 418   0] [535 407   0] [660 402   0] [761 399   0] [830 396   0] [588 397   0] [880 383   0] [444 339   0] [607 328   0] 

transpoint
[1185  679    0] [331 468   0] [208 439   0] [251 440   0] [356 417   0] [317 418   0] [535 407   0] [660 402   0] [761 399   0] [830 396   0] [588 397   0] [880 383   0] [450 337   0] [611 325   0] 

transpoint
[1185  679    0] [331 468   0] [208 439   0] [251 440   0] [356 417   0] [317 418   0] [535 407   0] [660 402   0] [761 399   0] [830 396   0] [588 397   0] [880 383   0] [456 335   0] [618 324   0] 

addpoint
[1185  679    0] [331 468   0] [208 439   0] [251 440   0] [356 417   0] [317 418   0] [535 407   0] [660 402   0] [761 399   0] [830 396   0] [588 397   0] [880 383   0] [461 334   0] [623 324   0] 

transpoint
[1185  679    0] [331 468   0] [208 439   0] [251 440   0] [356 417   0] [317 418   0] [535 407   0] [660 402   0] [761 399   0] [830 396   0] [588 397   0] [880 383   0] [462 334   0] [614 332   0] [642 313   0] 

transpoint
[1185  679    0] [331 468   0] [208 439   0] [251 440   0] [356 417   0] [317 418   0] [535 407   0] [660 402   0] [761 399   0] [830 396   0] [588 397   0] [880 383   0] [460 335   0] [610 333   0] [648 313   0] 

transpoint
[1185  679    0] [331 468   0] [208 439   0] [251 440   0] [356 417   0] [317 418   0] [535 407   0] [660 402   0] [761 399   0] [830 396   0] [588 397   0] [880 383   0] [457 335   0] [607 334   0] [653 312   0] 

transpoint
[1185  679    0] [331 468   0] [208 439   0] [251 440   0] [356 417   0] [317 418   0] [535 407   0] [660 402   0] [761 399   0] [830 396   0] [588 397   0] [880 383   0] [454 336   0] [604 335   0] [657 311   0] 

transpoint
[1185  679    0] [331 468   0] [208 439   0] [251 440   0] [356 417   0] [317 418   0] [535 407   0] [660 402   0] [761 399   0] [830 396   0] [588 397   0] [880 383   0] [453 336   0] [603 335   0] [662 311   0] 

transpoint
[1185  679    0] [331 468   0] [208 439   0] [251 440   0] [356 417   0] [317 418   0] [535 407   0] [660 402   0] [761 399   0] [830 396   0] [588 397   0] [880 383   0] [453 336   0] [603 335   0] [667 310   0] 

transpoint
[1185  679    0] [331 468   0] [208 439   0] [251 440   0] [356 417   0] [317 418   0] [535 407   0] [660 402   0] [761 399   0] [830 396   0] [588 397   0] [880 383   0] [453 336   0] [603 335   0] [672 310   0] 

transpoint
[1185  679    0] [331 468   0] [208 439   0] [251 440   0] [356 417   0] [317 418   0] [535 407   0] [660 402   0] [761 399   0] [830 396   0] [588 397   0] [880 383   0] [453 336   0] [603 335   0] [675 309   0] 

transpoint
[1185  679    0] [332 468   0] [208 439   0] [251 440   0] [356 417   0] [317 418   0] [535 407   0] [660 402   0] [761 399   0] [830 396   0] [588 397   0] [880 383   0] [453 336   0] [603 335   0] [678 309   0] 

transpoint
[1185  679    0] [332 468   0] [208 439   0] [251 440   0] [356 417   0] [317 418   0] [535 407   0] [660 402   0] [761 399   0] [830 396   0] [588 397   0] [880 383   0] [453 336   0] [603 335   0] [680 309   0] 

transpoint
[1185  679    0] [332 468   0] [208 439   0] [251 440   0] [356 417   0] [317 418   0] [535 407   0] [660 402   0] [761 399   0] [830 396   0] [588 397   0] [880 383   0] [453 336   0] [603 335   0] [684 308   0] 

transpoint
[1185  679    0] [332 468   0] [208 439   0] [251 440   0] [356 417   0] [317 418   0] [535 407   0] [660 402   0] [761 399   0] [830 396   0] [588 397   0] [880 383   0] [453 336   0] [603 335   0] [687 308   0] 

transpoint
[1185  679    0] [332 468   0] [208 439   0] [251 440   0] [356 417   0] [317 418   0] [535 407   0] [660 402   0] [761 399   0] [830 396   0] [588 397   0] [880 383   0] [453 336   0] [603 335   0] [689 308   0] 

transpoint
[1185  679    0] [332 468   0] [208 439   0] [251 440   0] [356 417   0] [317 418   0] [535 407   0] [660 402   0] [761 399   0] [830 396   0] [588 397   0] [880 383   0] [453 336   0] [603 335   0] [690 308   0] 

transpoint
[1185  679    0] [332 468   0] [208 439   0] [251 440   0] [356 417   0] [317 418   0] [535 407   0] [660 402   0] [761 399   0] [830 396   0] [588 397   0] [880 383   0] [453 336   0] [603 335   0] [692 308   0] 

transpoint
[1185  679    0] [332 468   0] [208 439   0] [251 440   0] [356 417   0] [317 418   0] [535 407   0] [660 402   0] [761 399   0] [830 396   0] [588 397   0] [880 383   0] [453 336   0] [603 335   0] [692 308   0] 

transpoint
[1185  679    0] [332 468   0] [208 439   0] [251 440   0] [356 417   0] [317 418   0] [535 407   0] [660 402   0] [761 399   0] [830 396   0] [588 397   0] [880 383   0] [453 336   0] [603 335   0] [691 308   0] 

transpoint
[1185  679    0] [332 468   0] [208 439   0] [251 440   0] [356 417   0] [317 418   0] [535 407   0] [660 402   0] [761 399   0] [830 396   0] [588 397   0] [880 383   0] [453 336   0] [603 335   0] [690 308   0] 

transpoint
[1185  679    0] [332 468   0] [208 439   0] [251 440   0] [356 417   0] [317 418   0] [535 407   0] [660 402   0] [761 399   0] [830 396   0] [588 397   0] [880 383   0] [453 336   0] [603 335   0] [690 308   0] 

transpoint
[1185  679    0] [332 468   0] [208 439   0] [251 440   0] [356 417   0] [317 418   0] [535 407   0] [660 402   0] [761 399   0] [830 396   0] [588 397   0] [880 383   0] [453 336   0] [603 335   0] [689 308   0] 

transpoint
[1185  679    0] [332 468   0] [208 439   0] [251 440   0] [356 417   0] [317 418   0] [535 407   0] [660 402   0] [761 399   0] [830 396   0] [588 397   0] [880 383   0] [453 336   0] [603 335   0] [687 308   0] 

transpoint
[1185  679    0] [332 468   0] [208 439   0] [251 440   0] [356 417   0] [317 418   0] [535 407   0] [660 402   0] [761 399   0] [830 396   0] [588 397   0] [880 383   0] [453 336   0] [603 335   0] [685 308   0] 

transpoint
[1185  679    0] [332 468   0] [208 439   0] [251 440   0] [356 417   0] [317 418   0] [535 407   0] [660 402   0] [761 399   0] [830 396   0] [588 397   0] [880 383   0] [453 336   0] [603 335   0] [684 308   0] 

transpoint
[1185  679    0] [331 468   0] [208 439   0] [251 440   0] [356 417   0] [317 418   0] [535 407   0] [660 402   0] [761 399   0] [830 396   0] [588 397   0] [880 383   0] [453 336   0] [603 335   0] [684 308   0] 

transpoint
[1185  679    0] [332 468   0] [208 439   0] [251 440   0] [356 417   0] [317 418   0] [535 407   0] [660 402   0] [761 399   0] [830 396   0] [588 397   0] [880 383   0] [453 336   0] [603 335   0] [684 308   0] 

transpoint
[1185  679    0] [332 468   0] [208 439   0] [251 440   0] [356 417   0] [317 418   0] [535 407   0] [660 402   0] [761 399   0] [830 396   0] [588 397   0] [880 383   0] [453 336   0] [603 335   0] [686 308   0] 

transpoint
[1185  679    0] [332 468   0] [208 439   0] [251 440   0] [356 417   0] [317 418   0] [535 407   0] [660 402   0] [761 399   0] [830 396   0] [588 397   0] [880 383   0] [453 336   0] [603 335   0] [687 308   0] 

transpoint
[1185  679    0] [332 468   0] [208 439   0] [251 440   0] [356 417   0] [317 418   0] [535 407   0] [660 402   0] [761 399   0] [830 396   0] [588 397   0] [880 383   0] [453 336   0] [603 335   0] [686 308   0] 

transpoint
[1185  679    0] [332 468   0] [208 439   0] [251 440   0] [356 417   0] [317 418   0] [535 407   0] [660 402   0] [761 399   0] [830 396   0] [588 397   0] [880 383   0] [453 336   0] [603 335   0] [685 308   0] 

transpoint
[1185  679    0] [332 468   0] [208 439   0] [251 440   0] [356 417   0] [317 418   0] [535 407   0] [660 402   0] [761 399   0] [830 396   0] [588 397   0] [880 383   0] [453 336   0] [603 335   0] [686 308   0] 

transpoint
[1185  679    0] [332 468   0] [208 439   0] [251 440   0] [356 417   0] [317 418   0] [535 407   0] [660 402   0] [761 399   0] [830 396   0] [588 397   0] [880 383   0] [453 336   0] [603 335   0] [686 308   0] 

transpoint
[1185  679    0] [332 468   0] [208 439   0] [251 440   0] [356 417   0] [317 418   0] [535 407   0] [660 402   0] [761 399   0] [830 396   0] [588 397   0] [880 383   0] [453 336   0] [603 335   0] [686 308   0] 

transpoint
[1185  679    0] [332 468   0] [208 439   0] [251 440   0] [356 417   0] [317 418   0] [535 407   0] [660 402   0] [761 399   0] [830 396   0] [588 397   0] [880 383   0] [453 336   0] [603 335   0] [686 308   0] 

transpoint
[1185  679    0] [332 468   0] [208 439   0] [251 440   0] [356 417   0] [317 418   0] [535 407   0] [660 402   0] [761 399   0] [830 396   0] [588 397   0] [880 383   0] [453 336   0] [603 335   0] [686 308   0] 

transpoint
[1185  679    0] [332 468   0] [208 439   0] [251 440   0] [356 417   0] [317 418   0] [535 407   0] [660 402   0] [761 399   0] [830 396   0] [588 397   0] [880 383   0] [453 336   0] [603 335   0] [686 308   0] 

transpoint
[1185  679    0] [332 468   0] [208 439   0] [251 440   0] [356 417   0] [317 418   0] [535 407   0] [660 402   0] [761 399   0] [830 396   0] [588 397   0] [880 383   0] [453 336   0] [603 335   0] [686 308   0] 

transpoint
[1185  679    0] [332 468   0] [208 439   0] [251 440   0] [356 417   0] [317 418   0] [535 407   0] [660 402   0] [761 399   0] [830 396   0] [588 397   0] [880 383   0] [453 336   0] [603 335   0] [686 308   0] 

transpoint
[1185  679    0] [332 468   0] [208 439   0] [251 440   0] [356 417   0] [317 418   0] [535 407   0] [660 402   0] [761 399   0] [830 396   0] [588 397   0] [880 383   0] [453 336   0] [603 335   0] [686 308   0] 

transpoint
[1185  679    0] [332 468   0] [208 439   0] [251 440   0] [356 417   0] [317 418   0] [535 407   0] [660 402   0] [761 399   0] [830 396   0] [588 397   0] [880 383   0] [453 336   0] [603 335   0] [686 308   0] 

transpoint
[1185  679    0] [332 468   0] [208 439   0] [251 440   0] [356 417   0] [317 418   0] [535 407   0] [660 402   0] [761 399   0] [830 396   0] [588 397   0] [880 383   0] [453 336   0] [603 335   0] [686 308   0] 

transpoint
[1185  679    0] [332 468   0] [208 439   0] [251 440   0] [356 417   0] [317 418   0] [535 407   0] [660 402   0] [761 399   0] [830 396   0] [588 397   0] [880 383   0] [453 336   0] [603 335   0] [686 308   0] 

transpoint
[1185  679    0] [332 468   0] [208 439   0] [251 440   0] [356 417   0] [317 418   0] [535 407   0] [660 402   0] [761 399   0] [830 396   0] [588 397   0] [880 383   0] [453 336   0] [603 335   0] [686 308   0] 

transpoint
[1185  679    0] [332 468   0] [208 439   0] [251 440   0] [356 417   0] [317 418   0] [535 407   0] [660 402   0] [761 399   0] [830 396   0] [588 397   0] [880 383   0] [453 336   0] [603 335   0] [686 308   0] 

transpoint
[1185  679    0] [332 468   0] [208 439   0] [251 440   0] [356 417   0] [317 418   0] [535 407   0] [660 402   0] [761 399   0] [830 396   0] [588 397   0] [880 383   0] [453 336   0] [603 335   0] [686 308   0] 

transpoint
[1185  679    0] [332 468   0] [208 439   0] [251 440   0] [356 417   0] [317 418   0] [535 407   0] [660 402   0] [761 399   0] [830 396   0] [588 397   0] [880 383   0] [453 336   0] [603 335   0] [686 308   0] 

transpoint
[1185  679    0] [332 468   0] [208 439   0] [251 440   0] [356 417   0] [317 418   0] [535 407   0] [660 402   0] [761 399   0] [830 396   0] [588 397   0] [880 383   0] [453 336   0] [603 335   0] [686 308   0] 

transpoint
[1185  679    0] [332 468   0] [208 439   0] [251 440   0] [356 417   0] [317 418   0] [535 407   0] [660 402   0] [761 399   0] [830 396   0] [588 397   0] [880 383   0] [453 336   0] [603 335   0] [686 308   0] 

transpoint
[1185  679    0] [332 468   0] [208 439   0] [251 440   0] [356 417   0] [317 418   0] [535 407   0] [660 402   0] [761 399   0] [830 396   0] [588 397   0] [880 383   0] [453 336   0] [603 335   0] [686 308   0] 

transpoint
[1185  679    0] [332 468   0] [208 439   0] [251 440   0] [356 417   0] [317 418   0] [535 407   0] [660 402   0] [761 399   0] [830 396   0] [588 397   0] [880 383   0] [453 336   0] [603 335   0] [686 308   0] 

transpoint
[1185  679    0] [332 468   0] [208 439   0] [251 440   0] [356 417   0] [317 418   0] [535 407   0] [660 402   0] [761 399   0] [830 396   0] [588 397   0] [880 383   0] [453 336   0] [603 335   0] [686 308   0] 

transpoint
[1185  679    0] [332 468   0] [208 439   0] [251 440   0] [356 417   0] [317 418   0] [535 407   0] [660 402   0] [761 399   0] [830 396   0] [588 397   0] [880 383   0] [453 336   0] [603 335   0] [686 308   0] 

transpoint
[1185  679    0] [332 468   0] [208 439   0] [251 440   0] [356 417   0] [317 418   0] [535 407   0] [660 402   0] [761 399   0] [830 396   0] [588 397   0] [880 383   0] [453 336   0] [603 335   0] [686 308   0] 

transpoint
[1185  679    0] [332 468   0] [208 439   0] [251 440   0] [356 417   0] [317 418   0] [535 407   0] [660 402   0] [761 399   0] [830 396   0] [588 397   0] [880 383   0] [453 336   0] [603 335   0] [686 308   0] 

transpoint
[1185  679    0] [332 468   0] [208 439   0] [251 440   0] [356 417   0] [317 418   0] [535 407   0] [660 402   0] [761 399   0] [830 396   0] [588 397   0] [880 383   0] [453 336   0] [603 335   0] [686 308   0] 

transpoint
[1185  679    0] [332 468   0] [208 439   0] [251 440   0] [356 417   0] [317 418   0] [535 407   0] [660 402   0] [761 399   0] [830 396   0] [588 397   0] [880 383   0] [453 336   0] [603 335   0] [686 308   0] 
